sillyatl 1
cat 26
Fall1 402 2 13 20 9 8 32 32 0
Fall2 419 2 13 20 9 8 32 32 0
Fall3 436 2 13 20 9 8 32 32 0
Fall4 453 2 13 20 9 8 32 32 0
Idle1 182 2 15 19 7 9 32 32 0
Idle2 201 2 15 19 7 9 32 32 0
Idle3 220 2 15 19 7 9 32 32 0
Idle4 239 2 15 19 7 9 32 32 0
Idle5 258 2 15 19 7 9 32 32 0
Idle6 277 2 15 19 7 9 32 32 0
Idle7 296 2 15 19 7 9 32 32 0
Idle8 315 2 16 19 6 9 32 32 0
Jump1 335 2 13 19 8 10 32 32 0
Jump2 352 2 13 19 8 10 32 32 0
Jump3 369 2 12 19 9 10 32 32 0
Jump4 385 2 13 19 8 10 32 32 0
Run1 138 2 18 16 7 12 32 32 0
Run2 25 2 19 15 7 12 32 32 0
Run3 48 2 18 15 8 13 32 32 0
Run4 70 2 18 15 7 13 32 32 0
Run5 92 2 19 15 6 13 32 32 0
Run6 160 2 18 16 7 12 32 32 0
Run7 115 2 19 15 7 12 32 32 0
Run8 48 2 18 15 8 13 32 32 0
Run9 70 2 18 15 7 13 32 32 0
Run10 2 2 19 15 5 13 32 32 0